WXSTN_NUM,WX_DATE,Julian day,WIND_DIR,WIND_SPEED,FFMC,DMC,BUI
10100,28/03/2000,88,0,0,85,6,0
10100,29/03/2000,89,45,8,84.2,6,6
10100,30/03/2000,90,90,6,86.6,7,7
10100,31/03/2000,91,45,18,85.3,8,8
10100,01/04/2000,92,225,8,22.5,4,4
10100,02/04/2000,93,45,9,46.9,5,5
10100,03/04/2000,94,315,12,60.3,5,5
10100,04/04/2000,95,270,7,72.2,5,5
10100,05/04/2000,96,135,18,79.9,6,6
10100,06/04/2000,97,270,10,28.4,2,1
10100,07/04/2000,98,270,5,47.8,2,2
10100,08/04/2000,99,225,14,62.2,2,2
10100,09/04/2000,100,270,14,72,2,2
10100,10/04/2000,101,270,5,79.3,2,2
10100,11/04/2000,102,270,9,83.9,2,2
10100,12/04/2000,103,180,19,85.2,3,3
10100,13/04/2000,104,225,19,50,2,3
10100,14/04/2000,105,0,0,0,0,0
10100,15/04/2000,106,0,0,0,0,0
10100,16/04/2000,107,0,0,0,0,0
10100,17/04/2000,108,0,0,0,0,0
10100,18/04/2000,109,0,0,0,0,0
10100,19/04/2000,110,0,0,0,0,0
10100,20/04/2000,111,0,0,85,6,0
10100,21/04/2000,112,225,22,91.2,10,10
10100,22/04/2000,113,45,13,86.4,11,11
10100,23/04/2000,114,45,11,86.1,12,12
10100,24/04/2000,115,180,16,92,16,16
10100,25/04/2000,116,180,21,93.1,21,21
10100,26/04/2000,117,315,11,92.8,24,24
10100,27/04/2000,118,360,10,85.8,24,24
10100,28/04/2000,119,45,12,86.1,25,25
10100,29/04/2000,120,180,14,89.3,28,28
10100,30/04/2000,121,225,19,34.1,18,18
10100,01/05/2000,122,45,11,37.4,14,16
10100,02/05/2000,123,180,18,76.6,17,19
10100,03/05/2000,124,180,21,88.4,21,22
10100,04/05/2000,125,90,13,91,25,25
10100,05/05/2000,126,270,5,86.5,29,29
10100,06/05/2000,127,360,15,50.8,19,23
10100,07/05/2000,128,315,6,77.4,22,26
10100,08/05/2000,129,90,19,78.7,23,27
10100,09/05/2000,130,270,21,52.7,16,21
10100,10/05/2000,131,315,5,61.2,16,22
10100,11/05/2000,132,45,15,70.9,17,23
10100,12/05/2000,133,45,19,13.1,23,12
10100,13/05/2000,134,315,14,20.8,23,8
10100,14/05/2000,135,270,14,57.1,24,11
10100,15/05/2000,136,225,9,79,10,15
10100,16/05/2000,137,225,21,90.2,14,19
10100,17/05/2000,138,360,15,87.2,15,21
10100,18/05/2000,139,270,7,88.4,17,23
10100,19/05/2000,140,225,28,89.4,20,26
10100,20/05/2000,141,45,7,89.5,23,29
10100,21/05/2000,142,225,14,89.1,26,32
10100,22/05/2000,143,225,13,68.5,17,24
10100,23/05/2000,144,315,14,7.3,6,8
10100,24/05/2000,145,315,9,27.3,5,7
10100,25/05/2000,146,360,9,48.9,6,8
10100,26/05/2000,147,90,13,75.5,9,12
10100,27/05/2000,148,135,14,85.6,12,15
10100,28/05/2000,149,180,21,90.9,16,18
10100,29/05/2000,150,270,33,87,18,20
10100,30/05/2000,151,270,13,88.2,21,23
10100,31/05/2000,152,315,12,86,22,24
10100,01/06/2000,153,45,11,85.3,23,26
10100,02/06/2000,154,270,15,89.9,27,29
10100,03/06/2000,155,45,9,88.4,29,31
10100,04/06/2000,156,225,7,91.3,33,35
10100,05/06/2000,157,270,26,86.2,36,38
10100,06/06/2000,158,90,7,75.9,37,39
10100,07/06/2000,159,180,9,41.7,22,28
10100,08/06/2000,160,45,10,61,23,30
10100,09/06/2000,161,45,16,66.4,23,30
10100,10/06/2000,162,45,31,9.8,9,14
10100,11/06/2000,163,90,17,9.3,4,7
10100,12/06/2000,164,180,12,22,2,4
10100,13/06/2000,165,90,10,28.3,1,2
10100,14/06/2000,166,360,13,1.7,0,0
10100,15/06/2000,167,270,18,36.4,1,1
10100,16/06/2000,168,270,21,8.2,0,0
10100,17/06/2000,169,270,17,56.5,3,4
10100,18/06/2000,170,225,9,78.4,6,7
10100,19/06/2000,171,180,8,88.8,10,10
10100,20/06/2000,172,135,13,11.3,4,4
10100,21/06/2000,173,270,4,1,1,1
10100,22/06/2000,174,45,11,0,0,0
10100,23/06/2000,175,270,9,53.4,3,4
10100,24/06/2000,176,270,27,82.1,6,7
10100,25/06/2000,177,270,18,87.8,9,10
10100,26/06/2000,178,315,9,21.4,4,5
10100,27/06/2000,179,270,24,62.6,6,8
10100,28/06/2000,180,315,12,78.4,8,10
10100,29/06/2000,181,270,15,76.8,9,12
10100,30/06/2000,182,45,14,60.8,7,10
10100,01/07/2000,183,45,11,43.3,6,9
10100,02/07/2000,184,360,8,66.5,8,12
10100,03/07/2000,185,270,6,84.6,12,16
10100,04/07/2000,186,45,6,90.9,16,20
10100,05/07/2000,187,90,15,51.8,11,16
10100,06/07/2000,188,135,15,73.2,13,18
10100,07/07/2000,189,135,17,80.3,14,20
10100,08/07/2000,190,270,15,87.2,17,23
10100,09/07/2000,191,360,7,72.7,16,23
10100,10/07/2000,192,135,9,80.3,18,25
10100,11/07/2000,193,180,12,82.1,19,27
10100,12/07/2000,194,225,13,38.4,8,13
10100,13/07/2000,195,270,26,66.6,7,12
10100,14/07/2000,196,45,9,79.9,9,14
10100,15/07/2000,197,180,12,87.5,12,18
10100,16/07/2000,198,225,26,88.2,15,22
10100,17/07/2000,199,315,17,64.9,12,19
10100,18/07/2000,200,270,5,80.4,14,22
10100,19/07/2000,201,45,8,85.2,16,24
10100,20/07/2000,202,270,16,86.7,18,27
10100,21/07/2000,203,315,5,86.7,20,29
10100,22/07/2000,204,270,10,88.7,23,33
10100,23/07/2000,205,180,18,88.4,26,37
10100,24/07/2000,206,180,10,52.7,16,25
10100,25/07/2000,207,315,6,70.1,18,28
10100,26/07/2000,208,315,5,86.9,22,33
10100,27/07/2000,209,45,13,88.5,25,37
10100,28/07/2000,210,90,10,88.1,27,40
10100,29/07/2000,211,225,13,88.2,30,43
10100,30/07/2000,212,270,18,88.2,33,47
10100,31/07/2000,213,270,13,89.9,37,52
10100,01/08/2000,214,360,13,71.4,26,40
10100,02/08/2000,215,45,10,85.5,29,44
10100,03/08/2000,216,315,5,90.3,33,48
10100,04/08/2000,217,180,10,39.3,14,24
10100,05/08/2000,218,270,5,14.5,7,13
10100,06/08/2000,219,360,17,14.5,7,13
10100,07/08/2000,220,45,8,30.6,5,9
10100,08/08/2000,221,90,11,42.1,5,9
10100,09/08/2000,222,270,5,48.2,5,9
10100,10/08/2000,223,315,5,71.4,7,13
10100,11/08/2000,224,135,16,80.8,8,15
10100,12/08/2000,225,225,24,63.6,5,9
10100,13/08/2000,226,270,16,79.9,7,13
10100,14/08/2000,227,180,17,81.7,8,14
10100,15/08/2000,228,270,27,82.5,9,16
10100,16/08/2000,229,180,11,84.7,11,19
10100,17/08/2000,230,360,13,53.8,6,11
10100,18/08/2000,231,360,10,76.2,8,14
10100,19/08/2000,232,135,16,85.6,10,17
10100,20/08/2000,233,135,13,70.2,10,17
10100,21/08/2000,234,270,31,58.8,6,11
10100,22/08/2000,235,180,22,77.3,7,13
10100,23/08/2000,236,225,14,86.6,10,17
10100,24/08/2000,237,225,17,88.3,13,22
10100,25/08/2000,238,270,9,88.8,16,26
10100,26/08/2000,239,180,6,90.3,19,31
10100,27/08/2000,240,180,14,83.7,20,32
10100,28/08/2000,241,135,10,9.2,7,12
10100,29/08/2000,242,270,24,51.6,5,9
10100,30/08/2000,243,180,8,74.9,7,12
10100,31/08/2000,244,360,19,46.5,4,7
10100,01/09/2000,245,90,13,70.6,5,8
10100,02/09/2000,246,90,16,79.8,6,10
10100,03/09/2000,247,90,15,53.1,4,7
10100,04/09/2000,248,135,12,77.5,6,10
10100,05/09/2000,249,202,17,81.3,7,11
10100,06/09/2000,250,225,11,14.7,3,5
10100,07/09/2000,251,270,36,12.9,1,2
10100,08/09/2000,252,180,16,59,3,4
10100,09/09/2000,253,135,14,68.2,3,4
10100,10/09/2000,254,225,35,80.4,5,6
10100,11/09/2000,255,270,23,82.9,6,8
10100,12/09/2000,256,225,26,85.1,7,9
10100,13/09/2000,257,270,18,86.1,8,10
10100,14/09/2000,258,315,15,69.7,7,10
10100,15/09/2000,259,180,12,79.2,8,11
10100,16/09/2000,260,270,16,84.8,10,13
10100,17/09/2000,261,360,10,84.6,11,14
10100,18/09/2000,262,360,12,84.1,12,16
10100,19/09/2000,263,90,4,65,12,16
10100,20/09/2000,264,360,25,11.7,5,6
10100,21/09/2000,265,315,9,35.7,5,7
10100,22/09/2000,266,45,9,35.3,4,6
10100,23/09/2000,267,315,13,53.9,4,6
10100,24/09/2000,268,270,16,72.3,5,7
10100,25/09/2000,269,225,21,81.6,6,9
10100,26/09/2000,270,315,13,81.8,6,9
10100,27/09/2000,271,270,13,83.6,7,10
10100,28/09/2000,272,180,11,85.1,8,11
10100,29/09/2000,273,270,5,85.2,9,13
10100,30/09/2000,274,90,9,81.9,9,13
10100,01/10/2000,275,270,16,78.2,9,13
10100,02/10/2000,276,225,9,81.3,10,14
10100,03/10/2000,277,225,29,78.7,10,14
10100,04/10/2000,278,270,25,81.2,10,14
10100,05/10/2000,279,270,23,82.9,10,14
10100,06/10/2000,280,360,11,82.3,10,14
10100,07/10/2000,281,270,10,81.8,10,15
10100,08/10/2000,282,270,20,85.7,11,16
10100,09/10/2000,283,225,20,89.8,13,18
10100,10/10/2000,284,45,7,89.1,14,19
10100,11/10/2000,285,180,18,91,16,21
10100,12/10/2000,286,315,6,88,17,22
10100,13/10/2000,287,45,7,85.7,18,24
10100,14/10/2000,288,360,14,84,18,24
10100,15/10/2000,289,180,12,84.8,19,25
10100,16/10/2000,290,180,14,84.9,20,26
10100,17/10/2000,291,225,21,83,20,26
10100,18/10/2000,292,270,5,85.4,21,27
10100,19/10/2000,293,270,12,85.8,22,29
10100,20/10/2000,294,270,17,85,22,29
10100,21/10/2000,295,135,18,85,23,30
10100,22/10/2000,296,225,21,84.8,24,31
10100,23/10/2000,297,225,27,89.2,26,33
10100,24/10/2000,298,225,12,90.1,28,35
10100,25/10/2000,299,135,8,77,28,35
10100,26/10/2000,300,360,21,12.9,11,17
10100,27/10/2000,301,45,13,30.7,11,17
10100,28/10/2000,302,135,18,42.3,11,17
10100,29/10/2000,303,135,11,60.8,12,18
10100,30/10/2000,304,180,9,64.1,12,18
10100,31/10/2000,305,180,8,30.1,8,13
10100,01/11/2000,306,45,13,11.4,4,7
10100,02/11/2000,307,180,20,3.6,1,2
10100,03/11/2000,308,270,31,8.9,0,0
10100,04/11/2000,309,180,12,29.8,0,0
10100,05/11/2000,310,180,12,53.4,0,0
10100,06/11/2000,311,9,11,23.9,0,0
10100,07/11/2000,312,90,20,1.4,0,0
10100,08/11/2000,313,180,11,0,0,0
10100,09/11/2000,314,360,13,0,0,0
10100,10/11/2000,315,360,6,7.8,0,0
10100,11/11/2000,316,135,7,18.5,0,0
10100,12/11/2000,317,90,6,18.5,0,0
10100,13/11/2000,318,45,14,25.8,0,0
10100,14/11/2000,319,225,11,38,0,0
10100,15/11/2000,320,270,26,37.4,0,0
